X <- c(1,1,1,1,1,1)
Y <- c(2,3,4,5,2,1)
c <- X+Y
